SRR10803250.24;size=23025	CZWB01000052.92641.94024	100.000	207	0	0	1	207	1356	1150	1.73e-105	383
SRR10803250.77;size=17156	KP214621.1.1234	100.000	289	0	0	1	289	477	765	6.42e-151	534
SRR10803250.1196;size=29641	KY087983.1.1200	100.000	216	0	0	1	216	492	277	1.77e-110	399
SRR10803250.83;size=23034	GBEF01033125.3018.4233	99.539	217	1	0	1	217	223	7	2.31e-109	396
SRR10803250.127;size=28965	KP214621.1.1234	100.000	252	0	0	1	252	62	313	2.04e-130	466
SRR10803250.31;size=24650	LC099979.1.1200	99.537	216	1	0	1	216	493	278	8.26e-109	394
SRR10803250.86180;size=13743	KU947108.1.1222	100.000	261	0	0	1	261	1030	770	2.11e-135	483
SRR10803250.1;size=12821	CZWB01000052.92641.94024	100.000	207	0	0	4	210	1150	1356	1.73e-105	383
SRR10803250.55886;size=20341	KU947108.1.1222	100.000	261	0	0	1	261	770	1030	2.11e-135	483
SRR10803250.220;size=6369	LC099979.1.1200	99.603	252	1	0	1	252	61	312	9.49e-129	460
SRR10803250.310;size=16880	EU777026.1.1336	99.663	297	1	0	1	297	1006	1302	1.10e-153	544
SRR10803250.67;size=8441	JQ917809.1.1342	99.537	216	1	0	1	216	470	255	8.26e-109	394
SRR10803250.44496;size=41257	KY087983.1.1200	100.000	252	0	0	1	252	60	311	2.04e-130	466
SRR10803250.92;size=5452	FJ827751.1.1225	100.000	289	0	0	1	289	478	766	6.42e-151	534
SRR10803250.107;size=7280	FJ827751.1.1225	100.000	289	0	0	1	289	766	478	6.42e-151	534
SRR10803250.3944;size=4239	LC099978.1.1200	100.000	289	0	0	1	289	479	767	6.42e-151	534
SRR10803282.90;size=5733	KF100229.1.1337	99.612	258	1	0	1	258	1141	884	4.50e-132	472
SRR10803250.1488;size=12945	FJ615123.1.1289	100.000	242	0	0	3	244	875	1116	7.13e-125	448
SRR10803250.125;size=8125	KU513667.1.1232	100.000	221	0	0	1	221	466	686	3.03e-113	409
SRR10803250.74;size=15830	KF282768.1.1237	99.320	147	1	0	1	147	1126	980	1.20e-70	267
SRR10803250.1067;size=5002	JQ917809.1.1342	99.603	252	1	0	1	252	38	289	9.49e-129	460
SRR10803250.1652;size=1516	KX898135.1.1211	100.000	289	0	0	1	289	452	740	6.42e-151	534
SRR10803250.2696;size=9729	JT845935.1.1202	100.000	175	0	0	1	175	789	615	8.63e-88	324
SRR10803250.206;size=2185	LC065243.1.1229	100.000	155	0	0	1	155	502	348	9.81e-77	287
SRR10803250.851;size=1425	KX880950.1.1206	100.000	216	0	0	1	216	505	290	1.77e-110	399
SRR10803250.6630;size=5863	FN794253.1.1296	99.653	288	1	0	1	288	1245	958	1.08e-148	527
SRR10803282.41;size=3312	FJ200390.1.1335	100.000	149	0	0	1	149	455	603	2.03e-73	276
SRR10803250.1043;size=5997	KT751534.1.1200	100.000	209	0	0	1	209	500	292	1.33e-106	387
SRR10803282.57;size=1115	KF098973.1.1331	99.603	252	1	0	1	252	75	326	9.49e-129	460
SRR10803250.75385;size=1819	KY476152.1.1202	100.000	258	0	0	1	258	476	733	9.67e-134	477
SRR10803282.128;size=7154	KF100229.1.1337	99.561	228	1	0	1	228	884	1111	1.87e-115	416
SRR10803250.29;size=1307	JF712666.1.1221	100.000	210	0	0	1	210	1001	1210	3.72e-107	388
SRR10803250.236;size=2202	JF712666.1.1221	100.000	210	0	0	1	210	1210	1001	3.72e-107	388
SRR10803250.1748;size=1088	AOQI01000276.3448.4692	100.000	261	0	0	1	261	911	651	2.11e-135	483
SRR10803282.25;size=3582	FUFK010081231.1.1288	99.383	162	1	0	1	162	1275	1114	6.18e-79	294
SRR10803250.4561;size=494	KX344724.1.1239	100.000	260	0	0	1	260	793	1052	7.54e-135	481
SRR10803250.3216;size=1229	KT005682.1.1200	99.661	295	1	0	3	297	825	1119	1.42e-152	540
SRR10803250.2027;size=477	KX880950.1.1206	100.000	289	0	0	1	289	487	775	6.42e-151	534
SRR10803250.4066;size=582	LT844652.1.1200	100.000	289	0	0	1	289	489	777	6.42e-151	534
SRR10803250.23843;size=1185	KT005682.1.1200	100.000	113	0	0	1	113	300	188	1.50e-53	209
SRR10803282.217;size=2019	KC161906.1.1239	100.000	144	0	0	1	144	560	417	1.17e-70	267
SRR10803250.371;size=359	JF135652.1.1346	99.618	262	1	0	1	262	1149	888	2.74e-134	479
SRR10803250.24950;size=1063	HM318720.1.1303	99.476	191	1	0	1	191	452	262	5.67e-95	348
SRR10803282.191;size=1196	KF098973.1.1331	99.405	168	0	1	1	168	326	160	1.07e-81	303
SRR10803250.601;size=2188	JN831369.1.1220	100.000	216	0	0	1	216	474	259	1.77e-110	399
SRR10803250.4323;size=575	KX344724.1.1239	100.000	260	0	0	1	260	1052	793	7.54e-135	481
SRR10803250.2126;size=240	HM480175.1.1442	100.000	262	0	0	1	262	1131	870	5.88e-136	484
SRR10803250.681;size=961	KX898135.1.1211	100.000	260	0	0	1	260	740	481	7.54e-135	481
SRR10803250.26671;size=458	KY476152.1.1202	100.000	252	0	0	1	252	62	313	2.04e-130	466
SRR10803250.32410;size=9341	JQ283151.1.1376	100.000	252	0	0	1	252	38	289	2.04e-130	466
SRR10803250.2014;size=161	JN981163.1.1219	100.000	261	0	0	1	261	899	639	2.11e-135	483
SRR10803271.1424;size=176	KP975269.1.1288	100.000	210	0	0	1	210	1279	1070	3.72e-107	388
SRR10803250.15368;size=462	JJNV01000137.3260.4512	100.000	176	0	0	1	176	798	973	2.41e-88	326
SRR10803250.1468;size=273	FJ981654.1.1204	100.000	289	0	0	1	289	454	742	6.42e-151	534
SRR10803250.234086;size=1479	LC099978.1.1200	100.000	195	0	0	1	195	767	573	7.45e-99	361
SRR10803250.10812;size=506	KT751534.1.1200	100.000	242	0	0	3	244	755	996	7.13e-125	448
SRR10803250.1851;size=184	KX156621.1.1296	100.000	261	0	0	1	261	1119	859	2.11e-135	483
SRR10803250.4195;size=100	CP006736.223921.225660	100.000	261	0	0	1	261	1211	951	2.11e-135	483
SRR10803250.4195;size=100	CP006736.223921.225660	97.561	82	0	2	1	81	1386	1306	5.25e-32	139
SRR10803271.27860;size=2953	KU947108.1.1222	100.000	169	0	0	1	169	1188	1020	1.79e-84	313
SRR10803250.12887;size=965	KT005682.1.1200	99.587	242	1	0	1	242	1119	878	3.30e-123	442
SRR10803250.16900;size=207	HK556318.2.1395	100.000	216	0	0	1	216	472	257	1.77e-110	399
SRR10803250.2880;size=259	KX156621.1.1296	100.000	261	0	0	1	261	859	1119	2.11e-135	483
SRR10803271.3675;size=100	KP975269.1.1288	100.000	210	0	0	1	210	1070	1279	3.72e-107	388
SRR10803282.1939;size=1406	HK556006.10.1507	98.980	196	2	0	1	196	507	312	4.51e-96	351
SRR10803250.56163;size=1001	LT844652.1.1200	99.539	217	1	0	1	217	507	291	2.31e-109	396
SRR10803250.8138;size=519	CU919061.1.1346	99.490	196	1	0	1	196	488	293	9.70e-98	357
SRR10803250.9194;size=124	KF842526.1.1388	99.537	216	1	0	1	216	529	314	8.26e-109	394
SRR10803250.1930;size=202	FQIC01000011.4388.5605	100.000	262	0	0	1	262	875	614	5.88e-136	484
SRR10803250.2163;size=335	FJ842655.1.1393	98.214	112	2	0	1	112	1311	1200	1.15e-49	196
SRR10803250.5107;size=95	KF945090.1.1201	100.000	262	0	0	1	262	885	624	5.88e-136	484
SRR10803250.1732;size=209	GQ478422.1.1405	99.228	259	2	0	1	259	864	1122	5.85e-131	468
SRR10803250.1578;size=97	JX224810.1.1516	100.000	207	0	0	1	207	1507	1301	1.73e-105	383
SRR10803250.57313;size=117	KY621942.1.1206	100.000	289	0	0	1	289	480	768	6.42e-151	534
SRR10803250.4855;size=203	EU134391.1.1350	100.000	262	0	0	1	262	74	335	5.88e-136	484
SRR10803250.1300;size=160	KT860421.1.1231	99.476	191	1	0	1	191	379	189	5.67e-95	348
SRR10803250.15469;size=58	KX792215.1.1201	100.000	288	0	0	1	288	495	782	2.30e-150	532
SRR10803250.89;size=284	KP409875.1.1251	100.000	252	0	0	1	252	65	316	2.04e-130	466
SRR10803250.13338;size=2240	KP214621.1.1234	100.000	251	0	0	2	252	312	62	7.34e-130	464
SRR10803250.156846;size=70	LN558620.1.1207	100.000	262	0	0	1	262	887	626	5.88e-136	484
SRR10803250.20769;size=66	FJ234921.1.1454	98.819	254	3	0	1	254	75	328	1.60e-126	453
SRR10803282.913;size=141	GQ281072.1.1415	100.000	132	0	0	1	132	423	554	4.93e-64	244
SRR10803250.9907;size=49	KY625563.1.1200	100.000	289	0	0	1	289	478	766	6.42e-151	534
SRR10803271.3150;size=140	JQ772010.1.1419	98.039	153	3	0	1	153	485	333	1.26e-70	267
SRR10803250.11321;size=272	KX880950.1.1206	100.000	210	0	0	1	210	775	566	3.72e-107	388
SRR10803250.41633;size=2454	JQ917809.1.1342	100.000	152	0	0	1	152	287	136	4.46e-75	281
SRR10803250.28903;size=77	KF098561.1.1370	100.000	260	0	0	1	260	1174	915	7.54e-135	481
SRR10803250.38249;size=117	JQ904056.1.1202	99.315	146	1	0	1	146	1071	926	4.28e-70	265
SRR10803250.241264;size=83	LN558620.1.1207	100.000	262	0	0	1	262	626	887	5.88e-136	484
SRR10803250.27590;size=79	KU524789.1.1364	100.000	179	0	0	1	179	893	1071	5.29e-90	331
SRR10803250.39035;size=131	KY711153.1.1213	100.000	176	0	0	1	176	853	1028	2.41e-88	326
SRR10803271.5176;size=107	HM480175.1.1442	99.654	289	1	0	1	289	454	742	2.98e-149	529
SRR10803250.119660;size=116	AJ864462.30.1383	100.000	191	0	0	1	191	425	235	1.22e-96	353
SRR10803250.261;size=401	LT844652.1.1200	100.000	140	0	0	1	140	777	638	1.89e-68	259
SRR10803250.27120;size=100	HM480175.1.1442	100.000	262	0	0	1	262	870	1131	5.88e-136	484
SRR10803271.17398;size=129	EU704833.1.1228	99.476	191	1	0	1	191	422	232	5.67e-95	348
SRR10803271.1444;size=289	FJ494894.1.1275	100.000	216	0	0	1	216	503	288	1.77e-110	399
SRR10803250.1227;size=67	KF098561.1.1370	100.000	260	0	0	1	260	915	1174	7.54e-135	481
SRR10803250.26151;size=153	FQIC01000011.4388.5605	100.000	262	0	0	1	262	614	875	5.88e-136	484
SRR10803250.30974;size=22	AF125876.1.1529	99.206	252	2	0	1	252	91	342	4.42e-127	455
SRR10803271.20653;size=37	KJ820916.1.1219	100.000	262	0	0	1	262	937	676	5.88e-136	484
SRR10803282.2766;size=103	GQ133483.1.1382	100.000	191	0	0	1	191	501	311	1.22e-96	353
SRR10803250.13505;size=55	HE578782.1.1205	100.000	262	0	0	1	262	993	732	5.88e-136	484
SRR10803250.21949;size=81	JF080730.1.1235	100.000	110	0	0	1	110	75	184	6.73e-52	204
SRR10803250.39984;size=134	FJ981654.1.1204	100.000	209	0	0	1	209	742	534	1.33e-106	387
SRR10803250.58190;size=66	KX792215.1.1201	100.000	222	0	0	1	222	782	561	8.46e-114	411
SRR10803250.9296;size=5734	GBEF01033125.3018.4233	98.765	162	2	0	1	162	9	170	2.87e-77	289
SRR10803271.6522;size=50	KT780158.1.1201	99.537	216	1	0	1	216	482	267	8.26e-109	394
SRR10803282.2831;size=26	FR687569.1.1461	100.000	119	0	0	1	119	1455	1337	7.30e-57	220
SRR10803250.17890;size=30	KX766023.1.1231	100.000	252	0	0	1	252	61	312	2.04e-130	466
SRR10803250.255763;size=515	KY476152.1.1202	100.000	214	0	0	1	214	764	551	2.27e-109	396
SRR10803250.3511;size=37	KF063723.1.1343	100.000	254	0	0	1	254	73	326	1.59e-131	470
SRR10803250.39988;size=91	GQ478422.1.1405	99.228	259	2	0	1	259	1122	864	5.85e-131	468
SRR10803250.43797;size=113	EU706198.1.1223	99.537	216	1	0	1	216	456	241	8.26e-109	394
SRR10803250.575;size=57	KF465422.1.1211	100.000	262	0	0	1	262	794	1055	5.88e-136	484
SRR10803250.10521;size=32	AF529323.1.1447	99.074	216	2	0	1	216	498	283	3.84e-107	388
SRR10803250.162;size=25	JQ468015.1.1389	100.000	264	0	0	1	264	1172	909	4.58e-137	488
SRR10803250.2101;size=1133	KX898135.1.1211	99.603	252	1	0	1	252	38	289	9.49e-129	460
SRR10803250.312858;size=113	AY820722.1.1460	96.241	266	8	2	1	264	45	310	6.06e-121	435
SRR10803250.31410;size=38	EF127603.1.1442	99.654	289	1	0	1	289	481	769	2.98e-149	529
SRR10803250.85794;size=20	HM438618.1.1435	99.237	262	2	0	1	262	829	1090	3.54e-133	475
SRR10803271.5304;size=28	KC432448.1.1329	99.608	255	1	0	1	255	314	60	2.07e-130	466
SRR10803250.16452;size=1516	LC099979.1.1200	100.000	209	0	0	1	209	310	102	1.33e-106	387
SRR10803250.36733;size=21	JF137118.1.1365	99.234	261	2	0	1	261	910	1170	4.56e-132	472
SRR10803250.48368;size=250	KR029432.1.1498	100.000	110	0	0	1	110	1340	1231	6.96e-52	204
SRR10803250.5281;size=83	EU169181.1.1316	100.000	265	0	0	1	265	798	1062	1.28e-137	490
SRR10803250.31413;size=139	KM362830.1.1200	99.537	216	1	0	1	216	504	289	8.26e-109	394
SRR10803282.2688;size=31	KC333895.1.1233	100.000	162	0	0	1	162	1046	885	1.33e-80	300
SRR10803250.34484;size=34	JN590344.1.1292	99.206	252	2	0	1	252	4	255	4.42e-127	455
SRR10803250.39094;size=82	KF945090.1.1201	100.000	262	0	0	1	262	624	885	5.88e-136	484
SRR10803250.5295;size=26	KF067968.1.1308	99.476	191	1	0	1	191	454	264	5.67e-95	348
SRR10803250.8662;size=34	GQ061775.1.1344	98.810	252	3	0	1	252	73	324	2.05e-125	449
SRR10803271.15;size=13	KC432448.1.1329	99.608	255	1	0	1	255	60	314	2.07e-130	466
SRR10803271.6712;size=23	AY138237.1.1441	99.234	261	1	1	1	261	867	1126	1.64e-131	470
SRR10803250.23090;size=22	FM201185.1.1392	100.000	289	0	0	1	289	449	737	6.42e-151	534
SRR10803250.336905;size=33	DQ493433.1.1449	100.000	238	0	0	1	238	77	314	1.17e-122	440
SRR10803250.33897;size=52	EF634000.1.1240	100.000	153	0	0	1	153	291	443	1.25e-75	283
SRR10803250.56115;size=29	KF842526.1.1388	99.603	252	1	0	1	252	97	348	9.49e-129	460
SRR10803250.6510;size=43	KX986340.1.1259	99.490	196	1	0	1	196	476	281	9.70e-98	357
SRR10803250.77015;size=24	JONR01000049.14217.15722	100.000	209	0	0	4	212	1270	1478	1.35e-106	387
SRR10803271.19358;size=16	EU092235.1.1280	100.000	238	0	0	1	238	51	288	1.17e-122	440
SRR10803282.3184;size=161	JQ904056.1.1202	100.000	109	0	0	3	111	936	1044	2.45e-51	202
SRR10803250.19450;size=175	FJ191708.1.1459	99.512	205	1	0	1	205	1450	1246	1.03e-102	374
SRR10803271.5982;size=118	KC791012.1.1399	99.537	216	1	0	1	216	478	263	8.26e-109	394
SRR10803250.107621;size=34	EU790158.1.1203	100.000	153	0	0	1	153	345	497	1.25e-75	283
SRR10803250.143781;size=27	JQ468015.1.1389	100.000	264	0	0	1	264	909	1172	4.58e-137	488
SRR10803250.36135;size=35	FJ192113.1.1459	100.000	216	0	0	1	216	520	305	1.77e-110	399
SRR10803282.5566;size=41	KX082653.1.1240	100.000	108	0	0	1	108	961	854	8.50e-51	200
SRR10803250.113272;size=46	APWL01000001.152.1357	100.000	216	0	0	1	216	529	314	1.77e-110	399
SRR10803250.124148;size=24	FJ670872.1.1429	99.490	196	1	0	1	196	507	312	9.70e-98	357
SRR10803250.243933;size=56	KX082653.1.1240	100.000	108	0	0	1	108	281	388	8.50e-51	200
SRR10803250.4076;size=11	AF316618.1.1326	100.000	289	0	0	1	289	461	749	6.42e-151	534
SRR10803250.8002;size=265	DQ376919.1.1335	100.000	261	0	0	1	261	58	318	2.11e-135	483
SRR10803250.80560;size=19	KP214621.1.1234	100.000	101	0	0	1	101	894	994	6.07e-47	187
SRR10803250.81263;size=20	AM085467.1.1290	100.000	262	0	0	1	262	711	972	5.88e-136	484
SRR10803250.8568;size=64	KF098307.1.1337	100.000	145	0	0	1	145	1003	1147	3.28e-71	268
SRR10803250.8638;size=33	KX959972.1.1379	99.654	289	1	0	1	289	411	699	2.98e-149	529
SRR10803282.17301;size=24	JX945325.1.1419	98.750	160	2	0	1	160	525	366	3.66e-76	285
SRR10803282.5933;size=27	JX222346.1.1490	99.517	207	1	0	1	207	1480	1274	8.05e-104	377
SRR10803250.100765;size=10	KR822426.1.1309	100.000	289	0	0	1	289	386	674	6.42e-151	534
SRR10803250.101810;size=8	EU239181.1.1270	100.000	265	0	0	1	265	826	1090	1.28e-137	490
SRR10803250.164464;size=26	CR933241.1.1285	100.000	112	0	0	1	112	708	597	5.32e-53	207
SRR10803250.190241;size=37	KF088555.1.1303	100.000	146	0	0	1	146	1265	1120	9.20e-72	270
SRR10803250.20266;size=27	KX959972.1.1379	100.000	262	0	0	1	262	828	1089	5.88e-136	484
SRR10803250.216584;size=73	KY625563.1.1200	99.537	216	1	0	1	216	496	281	8.26e-109	394
SRR10803250.22355;size=22	GQ085926.1.1342	99.231	260	1	1	1	259	1145	886	5.85e-131	468
SRR10803250.38930;size=12	JX883678.1.1413	100.000	289	0	0	1	289	434	722	6.42e-151	534
SRR10803250.45129;size=33	EU835403.1.1351	100.000	191	0	0	1	191	422	232	1.22e-96	353
SRR10803250.46638;size=10	HAAC01027432.1.1206	99.537	216	1	0	1	216	453	238	8.26e-109	394
SRR10803250.58164;size=8	KJ814034.1.1506	100.000	210	0	0	1	210	1496	1287	3.72e-107	388
SRR10803250.83377;size=47	KT799846.1.1321	98.985	197	1	1	1	197	495	300	4.54e-96	351
SRR10803271.12661;size=8	FJ687965.1.1244	99.580	238	1	0	1	238	270	33	5.42e-121	435
SRR10803271.1559;size=17	FPLS01029504.16.1542	100.000	289	0	0	1	289	515	803	6.42e-151	534
SRR10803250.102239;size=17	KU324904.1.1206	100.000	262	0	0	1	262	79	340	5.88e-136	484
SRR10803250.109609;size=21	JX222876.1.1353	99.078	217	2	0	1	217	524	308	1.07e-107	390
SRR10803250.116724;size=21	JX224810.1.1516	100.000	207	0	0	4	210	1301	1507	1.73e-105	383
SRR10803250.156459;size=46	FJ854748.1.1205	100.000	145	0	0	1	145	1047	903	3.28e-71	268
SRR10803250.24833;size=514	KF061820.1.1333	99.225	258	2	0	1	258	881	1138	2.09e-130	466
SRR10803250.25562;size=19	JQ607333.1.1426	99.502	201	1	0	1	201	494	294	1.66e-100	366
SRR10803250.3273;size=11	KY625563.1.1200	100.000	262	0	0	1	262	54	315	5.88e-136	484
SRR10803250.332728;size=57	JQ917809.1.1342	97.656	128	1	2	1	126	38	165	2.82e-56	219
SRR10803250.62175;size=18	KY621942.1.1206	100.000	262	0	0	1	262	56	317	5.88e-136	484
SRR10803250.63166;size=17	AM747335.1.1271	100.000	289	0	0	1	289	419	707	6.42e-151	534
SRR10803250.80384;size=24	JX884721.1.1461	99.662	296	1	0	1	296	1027	1322	3.94e-153	542
SRR10803250.98204;size=82	HQ757307.1.1206	100.000	169	0	0	1	169	1069	901	1.79e-84	313
SRR10803271.4169;size=23	KJ820916.1.1219	100.000	262	0	0	1	262	676	937	5.88e-136	484
SRR10803271.5633;size=22	JN229898.1.1469	98.294	293	5	0	1	293	1330	1038	2.38e-145	516
SRR10803271.7417;size=7	AY138237.1.1441	100.000	289	0	0	1	289	452	740	6.42e-151	534
SRR10803271.7640;size=16	KF944972.1.1235	99.476	191	1	0	1	191	470	280	5.67e-95	348
SRR10803282.5060;size=15	JONR01000049.14217.15722	97.753	267	6	0	1	267	494	760	1.01e-128	460
SRR10803250.136902;size=34	KJ923772.3.1214	99.618	262	1	0	1	262	683	944	2.74e-134	479
SRR10803250.137346;size=14	KF098486.1.1356	100.000	113	0	0	1	113	504	392	1.50e-53	209
SRR10803250.141757;size=15	KF094304.1.1301	99.234	261	2	0	1	261	843	1103	4.56e-132	472
SRR10803250.17969;size=8	JQ606928.1.1424	100.000	258	0	0	1	258	899	1156	9.67e-134	477
SRR10803250.18290;size=50	AFJF02000001.970432.971946	98.605	215	3	0	1	215	520	306	6.39e-105	381
SRR10803250.206474;size=14	EU704715.1.1285	99.603	252	1	0	1	252	38	289	9.49e-129	460
SRR10803250.23177;size=22	GQ379614.1.1202	99.618	262	1	0	1	262	1022	761	2.74e-134	479
SRR10803250.33917;size=8	AF280851.1.1530	98.611	216	2	1	1	216	523	309	6.43e-105	381
SRR10803250.3746;size=113	GEEO01017289.65.1399	98.980	196	2	0	1	196	507	312	4.51e-96	351
SRR10803250.5684;size=16	KX986339.1.1203	98.157	217	4	0	1	217	489	273	2.32e-104	379
SRR10803250.66494;size=22	HE578782.1.1205	100.000	262	0	0	1	262	732	993	5.88e-136	484
SRR10803250.81987;size=17	KF465422.1.1211	100.000	262	0	0	1	262	1055	794	5.88e-136	484
SRR10803250.89577;size=6	KF100833.1.1353	99.654	289	1	0	1	289	476	764	2.98e-149	529
SRR10803250.95940;size=10	KC791012.1.1399	99.605	253	1	0	1	253	45	297	2.65e-129	462
SRR10803250.99634;size=9	KF105625.1.1357	100.000	260	0	0	1	260	1162	903	7.54e-135	481
SRR10803271.40386;size=21	EU506245.1.1315	98.611	144	2	0	1	144	1290	1147	2.53e-67	255
SRR10803282.13519;size=31	GQ155993.1.1370	98.788	165	2	0	1	165	1308	1144	6.31e-79	294
SRR10803250.112388;size=5	JQ323117.1.1458	99.476	191	1	0	1	191	471	281	5.67e-95	348
SRR10803250.11785;size=5	KJ814034.1.1506	100.000	210	0	0	1	210	1287	1496	3.72e-107	388
SRR10803250.124340;size=43	GQ063080.1.1335	99.655	290	1	0	1	290	462	751	8.33e-150	531
SRR10803250.124559;size=7	JX048082.1.1380	100.000	192	0	0	1	192	721	530	3.45e-97	355
SRR10803250.13052;size=16	KF066223.1.1354	92.188	256	19	1	1	256	90	344	1.01e-98	361
SRR10803250.141787;size=12	KF101188.1.1339	99.614	259	1	0	1	259	886	1144	1.26e-132	473
SRR10803250.179848;size=22	KU324904.1.1206	99.074	216	2	0	1	216	521	306	3.84e-107	388
SRR10803250.193603;size=321	KY476152.1.1202	99.375	160	1	0	1	160	313	154	7.88e-78	291
SRR10803250.2046;size=27	KP409886.1.1221	100.000	289	0	0	1	289	478	766	6.42e-151	534
SRR10803250.22927;size=7	KF101442.1.1360	99.617	261	1	0	1	261	905	1165	9.80e-134	477
SRR10803250.24971;size=18	JX883678.1.1413	100.000	177	0	0	1	177	452	276	6.76e-89	327
SRR10803250.25305;size=9	KF098296.1.1327	100.000	129	0	0	1	129	475	347	2.23e-62	239
SRR10803250.297847;size=14	CZWB01000052.92641.94024	99.038	208	0	2	4	210	1150	1356	3.75e-102	372
SRR10803250.304614;size=5	AB264131.1.1383	100.000	260	0	0	1	260	840	1099	7.54e-135	481
SRR10803250.324822;size=7	JX048082.1.1380	100.000	289	0	0	1	289	433	721	6.42e-151	534
SRR10803250.3265;size=14	DQ310711.1.1201	100.000	101	0	0	1	101	945	845	6.07e-47	187
SRR10803250.33055;size=27	CZWB01000052.92641.94024	96.729	214	0	7	1	214	1356	1150	1.82e-95	350
SRR10803250.33160;size=8	KF067102.1.1363	100.000	199	0	0	1	199	783	585	4.56e-101	368
SRR10803250.50312;size=13	KY625563.1.1200	100.000	209	0	0	1	209	766	558	1.33e-106	387
SRR10803250.50425;size=7	GQ379614.1.1202	100.000	289	0	0	1	289	345	633	6.42e-151	534
SRR10803250.55884;size=11	HQ591435.1.1201	100.000	216	0	0	1	216	483	268	1.77e-110	399
SRR10803250.68939;size=22	EU705415.1.1293	100.000	244	0	0	3	246	996	1239	5.56e-126	451
SRR10803250.90920;size=7	KJ803849.1.1251	100.000	289	0	0	1	289	274	562	6.42e-151	534
SRR10803250.91051;size=5	KF098296.1.1327	100.000	288	0	0	1	288	457	744	2.30e-150	532
SRR10803271.15428;size=31	EU704833.1.1228	100.000	258	0	0	1	258	404	661	9.67e-134	477
SRR10803271.18658;size=41	KJ889253.1.1453	99.310	290	2	0	1	290	1026	1315	3.88e-148	525
SRR10803271.2413;size=34	JN229898.1.1469	98.635	293	4	0	3	295	1038	1330	5.11e-147	521
SRR10803271.68890;size=8	JN615640.1.1300	98.611	144	2	0	1	144	1243	1100	2.53e-67	255
SRR10803271.7892;size=5	EU835403.1.1351	98.000	100	2	0	1	100	1242	1143	4.66e-43	174
SRR10803271.83708;size=5	AY138237.1.1441	99.580	238	1	0	1	238	77	314	5.42e-121	435
SRR10803282.5150;size=15	KC333895.1.1233	100.000	138	0	0	3	140	912	1049	2.45e-67	255
SRR10803282.5596;size=24	KU324904.1.1206	100.000	210	0	0	1	210	503	712	3.72e-107	388
SRR10803250.11058;size=17	JF151140.1.1364	99.495	198	1	0	1	198	509	312	7.67e-99	361
SRR10803250.112262;size=4	HE681362.1.1508	99.609	256	1	0	1	256	92	347	5.77e-131	468
SRR10803250.119618;size=13	JF111694.1.1340	99.614	259	1	0	1	259	1144	886	1.26e-132	473
SRR10803250.133761;size=4	FJ902639.1.1351	99.617	261	1	0	1	261	833	1093	9.80e-134	477
SRR10803250.13663;size=12	KF064661.1.1337	99.602	251	1	0	1	251	73	323	3.40e-128	459
SRR10803250.137315;size=13	KY229709.1.1202	99.620	263	0	1	1	263	65	326	2.75e-134	479
SRR10803250.138029;size=4	GQ280039.1.1418	100.000	289	0	0	1	289	453	741	6.42e-151	534
SRR10803250.151063;size=4	KF095074.1.1307	99.476	191	1	0	1	191	454	264	5.67e-95	348
SRR10803250.15142;size=13	KY625500.1.1212	100.000	139	0	0	1	139	506	368	6.75e-68	257
SRR10803250.154838;size=4	AB369037.1.1284	99.231	260	2	0	1	260	1097	838	1.63e-131	470
SRR10803250.160380;size=21	KF088555.1.1303	100.000	167	0	0	1	167	1107	941	2.29e-83	309
SRR10803250.162455;size=1193	GQ475298.1.1344	99.061	213	2	0	1	213	168	380	1.76e-105	383
SRR10803250.17335;size=4	KU978311.1.1503	99.608	255	1	0	1	255	93	347	2.07e-130	466
SRR10803250.177432;size=18	KF945090.1.1201	100.000	220	0	0	1	220	495	276	1.08e-112	407
SRR10803250.184079;size=13	GQ082157.1.1344	99.614	259	0	1	1	258	889	1147	4.50e-132	472
SRR10803250.19468;size=28	LC060939.1.1200	100.000	123	0	0	1	123	492	370	4.55e-59	228
SRR10803250.21541;size=12	EU790471.1.1202	100.000	157	0	0	1	157	637	481	7.70e-78	291
SRR10803250.227556;size=4	FN668262.1.1467	98.990	99	1	0	1	99	1024	1122	4.41e-44	178
SRR10803250.23328;size=33	KT751534.1.1200	100.000	130	0	0	1	130	884	755	6.38e-63	241
SRR10803250.32703;size=4	GQ264161.1.1476	100.000	208	0	0	4	211	1260	1467	4.84e-106	385
SRR10803250.33725;size=17	EF634000.1.1240	100.000	260	0	0	1	260	579	320	7.54e-135	481
SRR10803250.349019;size=33	KX792215.1.1201	100.000	177	0	0	1	177	513	337	6.76e-89	327
SRR10803250.366751;size=46	FJ687965.1.1244	99.580	238	1	0	1	238	33	270	5.42e-121	435
SRR10803250.38973;size=11	AB369037.1.1284	99.231	260	2	0	1	260	838	1097	1.63e-131	470
SRR10803250.39046;size=23	GU553044.1.1341	100.000	216	0	0	1	216	529	314	1.77e-110	399
SRR10803250.399846;size=44	GQ281072.1.1415	100.000	179	0	0	1	179	840	1018	5.29e-90	331
SRR10803250.40125;size=9	HQ622528.1.1339	100.000	140	0	0	1	140	421	282	1.89e-68	259
SRR10803250.4279;size=36	DQ311008.1.1241	100.000	112	0	0	1	112	1108	997	5.32e-53	207
SRR10803250.44389;size=11	AB637272.1.1538	97.222	216	6	0	1	216	567	352	1.80e-100	366
SRR10803250.50881;size=10	KF067569.1.1340	99.602	251	1	0	1	251	71	321	3.40e-128	459
SRR10803250.52563;size=26	GQ085926.1.1342	100.000	260	0	0	1	260	886	1145	7.54e-135	481
SRR10803250.5873;size=15	AY444981.1.1459	99.320	294	2	0	3	296	999	1292	2.37e-150	532
SRR10803250.61925;size=8	DQ815232.1.1399	99.620	263	1	0	1	263	1112	850	7.64e-135	481
SRR10803250.64206;size=17	LK392689.1.1203	98.077	104	0	2	1	103	1091	989	1.04e-44	180
SRR10803250.71547;size=6	JQ711738.1.1200	100.000	145	0	0	1	145	1159	1015	3.28e-71	268
SRR10803250.72209;size=26	GU432132.1.1203	100.000	123	0	0	1	123	544	422	4.55e-59	228
SRR10803250.9550;size=4	KP776463.1.1409	99.606	254	1	0	1	254	41	294	7.40e-130	464
SRR10803271.23985;size=1328	KY229868.1.1200	99.363	157	1	0	3	159	280	436	3.64e-76	285
SRR10803271.28728;size=10	KJ889253.1.1453	99.310	290	2	0	1	290	1315	1026	3.88e-148	525
SRR10803271.66109;size=19	KU947108.1.1222	100.000	118	0	0	1	118	1025	1142	2.60e-56	219
SRR10803271.84129;size=6	DQ493433.1.1449	97.479	238	3	2	1	235	77	314	1.51e-111	403
SRR10803271.9210;size=4	JQ467886.1.1410	99.618	262	1	0	1	262	933	1194	2.74e-134	479
SRR10803282.10344;size=47	GQ281072.1.1415	97.248	109	2	1	1	108	1257	1149	8.56e-46	183
SRR10803282.1208;size=11	JX222346.1.1490	99.517	207	1	0	4	210	1274	1480	8.05e-104	377
SRR10803282.12561;size=8	HM475278.1.1381	100.000	108	0	0	1	108	457	350	8.50e-51	200
SRR10803282.23952;size=10	JQ659335.1.1432	98.611	144	2	0	1	144	1282	1139	2.53e-67	255
SRR10803282.5404;size=4	JX945325.1.1419	100.000	153	0	0	1	153	507	659	1.25e-75	283
SRR10803282.6214;size=8	KC333895.1.1233	100.000	208	0	0	1	208	787	994	4.76e-106	385
SRR10803282.8489;size=10	EU434584.1.1446	98.675	151	1	1	1	150	468	618	1.23e-70	267
SRR10803250.104070;size=5	KF105625.1.1357	100.000	260	0	0	1	260	903	1162	7.54e-135	481
SRR10803250.107962;size=3	JQ467317.1.1226	100.000	112	0	0	1	112	618	507	5.32e-53	207
SRR10803250.111211;size=3	GQ063080.1.1335	99.602	251	1	0	1	251	69	319	3.40e-128	459
SRR10803250.112348;size=3	DQ532178.1.1430	98.077	260	5	0	1	260	865	1124	1.64e-126	453
SRR10803250.11324;size=5	KM251077.1.1436	100.000	116	0	0	1	116	481	366	3.33e-55	215
SRR10803250.115117;size=3	DQ366009.1.1400	98.485	264	4	0	1	264	858	1121	2.15e-130	466
SRR10803250.115677;size=25	EU777026.1.1336	97.101	138	0	4	1	138	1006	1139	1.46e-59	230
SRR10803250.115706;size=5	GQ475298.1.1344	95.964	223	2	7	1	223	381	166	4.04e-97	355
SRR10803250.116438;size=3	HQ119848.1.1473	99.298	285	2	0	1	285	470	754	2.29e-145	516
SRR10803250.11;size=10	KF419274.1.1376	100.000	152	0	0	1	152	1257	1106	4.46e-75	281
SRR10803250.121195;size=3	JF114137.1.1352	97.500	120	3	0	1	120	503	384	2.07e-52	206
SRR10803250.126239;size=7	EU092235.1.1280	100.000	172	0	0	1	172	842	1013	3.93e-86	318
SRR10803250.126999;size=7	KM349209.1.1426	99.228	259	2	0	1	259	1114	856	5.85e-131	468
SRR10803250.135611;size=3	GQ264161.1.1476	100.000	208	0	0	1	208	1467	1260	4.84e-106	385
SRR10803250.136336;size=20	KT005682.1.1200	99.237	262	2	0	1	262	961	700	1.27e-132	473
SRR10803250.136407;size=18	JX993406.1.1200	99.580	238	1	0	1	238	29	266	5.42e-121	435
SRR10803250.142805;size=9	JX884721.1.1461	99.528	212	1	0	1	212	1322	1111	1.35e-106	387
SRR10803250.145563;size=3	GQ280042.1.1422	98.077	260	4	1	1	259	877	1136	5.89e-126	451
SRR10803250.14857;size=449	FJ802332.1.1211	99.537	216	1	0	1	216	521	306	8.26e-109	394
SRR10803250.14995;size=5	AB369037.1.1284	99.654	289	1	0	1	289	418	706	2.98e-149	529
SRR10803250.151911;size=23	FJ269073.1.1451	100.000	238	0	0	1	238	79	316	1.17e-122	440
SRR10803250.154097;size=5	HQ811218.1.1379	99.662	296	1	0	3	298	1042	1337	3.96e-153	542
SRR10803250.156326;size=8	KM349209.1.1426	99.228	259	2	0	1	259	856	1114	5.85e-131	468
SRR10803250.159287;size=14	KT371475.1.1317	99.065	214	2	0	1	214	454	241	4.92e-106	385
SRR10803250.1623;size=3	JF168303.1.1318	99.242	264	2	0	1	264	861	1124	9.92e-134	477
SRR10803250.1721;size=3	EU104077.1.1460	95.502	289	13	0	1	289	485	773	3.07e-129	462
SRR10803250.181408;size=8	EU915718.1.1443	99.074	216	2	0	1	216	495	280	3.84e-107	388
SRR10803250.183927;size=3	JX883678.1.1413	99.617	261	1	0	1	261	1112	852	9.80e-134	477
SRR10803250.19022;size=7	AF316618.1.1326	99.605	253	1	0	1	253	318	66	2.65e-129	462
SRR10803250.198593;size=5	JN387481.1.1236	99.099	111	1	0	1	111	665	775	8.81e-51	200
SRR10803250.19956;size=14	HQ698291.1.1217	100.000	263	0	0	1	263	797	1059	1.64e-136	486
SRR10803250.205347;size=8	DQ846830.1.1264	98.837	258	3	0	1	258	832	1089	9.74e-129	460
SRR10803250.212957;size=5	EU790214.1.1205	99.306	288	2	0	3	290	894	1181	5.01e-147	521
SRR10803250.2139;size=74	JN831369.1.1220	98.876	178	2	0	1	178	116	293	4.09e-86	318
SRR10803250.21700;size=8	JN681836.1.1476	100.000	289	0	0	1	289	535	823	6.42e-151	534
SRR10803250.218386;size=7	JQ448679.1.1337	100.000	260	0	0	1	260	1122	863	7.54e-135	481
SRR10803250.230626;size=3	KF100542.1.1341	99.206	252	2	0	1	252	73	324	4.42e-127	455
SRR10803250.233764;size=7	AF316618.1.1326	99.606	254	1	0	1	254	65	318	7.40e-130	464
SRR10803250.239319;size=9	KJ395382.1.1540	100.000	288	0	0	1	288	511	798	2.30e-150	532
SRR10803250.244751;size=38	JF135652.1.1346	98.473	262	4	0	1	262	888	1149	2.76e-129	462
SRR10803250.245208;size=183	KP214605.9.1213	99.528	212	1	0	1	212	284	495	1.35e-106	387
SRR10803250.247509;size=13	FJ191708.1.1459	100.000	192	0	0	4	195	1246	1437	3.47e-97	355
SRR10803250.255362;size=8	AY162103.1.1337	99.476	191	1	0	1	191	484	294	5.67e-95	348
SRR10803250.299967;size=3	KF067582.1.1337	98.819	254	3	0	1	254	73	326	1.60e-126	453
SRR10803250.303081;size=3	AF280851.1.1530	100.000	153	0	0	1	153	505	657	1.25e-75	283
SRR10803250.314948;size=9	FM873730.1.1459	100.000	252	0	0	1	252	311	60	2.04e-130	466
SRR10803250.32194;size=5	KY266795.1.1266	100.000	289	0	0	1	289	422	710	6.42e-151	534
SRR10803250.325668;size=9	DQ130025.1.1418	99.614	259	1	0	1	259	1139	881	1.26e-132	473
SRR10803250.342763;size=5	KR822426.1.1309	99.476	191	1	0	1	191	404	214	5.67e-95	348
SRR10803250.353135;size=3	GQ411499.1.1484	99.659	293	1	0	3	295	1055	1347	1.82e-151	536
SRR10803250.38368;size=11	HM257257.1.1342	99.206	252	2	0	1	252	73	324	4.42e-127	455
SRR10803250.41344;size=7	JQ408143.1.1346	96.226	159	6	0	1	159	485	327	6.13e-69	261
SRR10803250.44161;size=21	FPID01000269.6.1469	100.000	130	0	0	3	132	1014	1143	6.38e-63	241
SRR10803250.48121;size=9	LC099979.1.1200	96.847	222	1	6	1	222	493	278	1.86e-100	366
SRR10803250.49850;size=7	JQ855614.1.1252	99.492	197	1	0	1	197	421	225	2.71e-98	359
SRR10803250.65079;size=10	FJ557734.1.1287	100.000	191	0	0	1	191	421	231	1.22e-96	353
SRR10803250.67214;size=5	GQ158687.1.1383	99.615	260	1	0	1	260	842	1101	3.51e-133	475
SRR10803250.70515;size=3	JF168303.1.1318	100.000	176	0	0	1	176	1124	949	2.41e-88	326
SRR10803250.75128;size=9	EF127603.1.1442	99.510	204	1	0	1	204	769	566	3.63e-102	372
SRR10803250.77131;size=3	AB369037.1.1284	99.580	238	1	0	1	238	43	280	5.42e-121	435
SRR10803250.78052;size=228	KF098956.1.1345	99.608	255	1	0	1	255	86	340	2.07e-130	466
SRR10803250.78760;size=9	JQ855619.1.1284	99.228	259	1	1	1	258	1128	870	2.09e-130	466
SRR10803250.7895;size=5	EU460399.1.1346	98.611	144	2	0	1	144	1291	1148	2.53e-67	255
SRR10803250.85232;size=5	FJ657992.1.1383	100.000	295	0	0	3	297	1031	1325	3.05e-154	545
SRR10803250.85845;size=11	KX648433.1.1278	99.615	260	1	0	1	260	1126	867	3.51e-133	475
SRR10803250.96269;size=11	KY003111.1.1207	100.000	288	0	0	1	288	492	779	2.30e-150	532
SRR10803250.96709;size=5	KY003111.1.1207	99.550	222	1	0	1	222	779	558	3.93e-112	405
SRR10803250.98551;size=7	EU777736.1.1407	99.615	260	0	1	1	259	936	1195	1.26e-132	473
SRR10803271.13066;size=3	KF306350.1.1488	98.644	295	4	0	3	297	1031	1325	1.43e-147	523
SRR10803271.20855;size=3	HQ119272.1.1362	98.913	276	3	0	1	276	890	1165	1.03e-138	494
SRR10803271.33177;size=5	KF099278.1.1345	99.476	191	1	0	1	191	499	309	5.67e-95	348
SRR10803271.72928;size=5	JQ467886.1.1410	99.618	262	1	0	1	262	1194	933	2.74e-134	479
SRR10803282.112;size=7	KJ615121.1.1238	100.000	107	0	0	1	107	370	476	3.02e-50	198
SRR10803282.11544;size=10	EU037301.1.1443	100.000	172	0	0	1	172	1327	1156	3.93e-86	318
SRR10803282.14188;size=11	EU704833.1.1228	100.000	182	0	0	1	182	692	511	1.16e-91	337
SRR10803282.16171;size=8	CU920714.1.1309	99.107	112	1	0	1	112	723	612	2.48e-51	202
SRR10803282.1626;size=7	GQ388831.1.1490	96.313	217	4	4	1	215	511	297	1.39e-96	353
SRR10803282.2903;size=5	KF737877.1.1340	100.000	112	0	0	1	112	740	629	5.32e-53	207
SRR10803282.30606;size=13	KM203512.1.1200	100.000	112	0	0	1	112	632	521	5.32e-53	207
SRR10803282.6433;size=7	KU324904.1.1206	100.000	163	0	0	1	163	791	629	3.72e-81	302
SRR10803282.6496;size=3	FPLS01056088.1.1243	100.000	130	0	0	3	132	773	902	6.38e-63	241
SRR10803250.101569;size=10	KC836029.1.1492	100.000	240	0	0	3	242	1048	1287	9.18e-124	444
SRR10803250.101682;size=8	GQ064640.1.1341	98.469	196	3	0	1	196	483	288	2.10e-94	346
SRR10803250.102695;size=62	DQ298024.1.1429	100.000	252	0	0	1	252	30	281	2.04e-130	466
SRR10803250.103481;size=2	KF084050.1.1341	99.474	190	1	0	1	190	490	301	2.03e-94	346
SRR10803250.103779;size=2	HM270222.1.1366	100.000	144	0	0	3	146	1036	1179	1.19e-70	267
SRR10803250.109606;size=10	KF066960.1.1273	100.000	138	0	0	1	138	516	379	2.40e-67	255
SRR10803250.111567;size=2	EU937934.1.1448	99.539	217	1	0	1	217	524	308	2.31e-109	396
SRR10803250.112000;size=98	JN831369.1.1220	100.000	189	0	0	1	189	282	470	1.56e-95	350
SRR10803250.116086;size=22	AYPA01000004.204197.205463	100.000	169	0	0	1	169	1090	922	1.79e-84	313
SRR10803250.116574;size=6	DQ130025.1.1418	99.563	229	1	0	1	229	881	1109	5.23e-116	418
SRR10803250.116648;size=4	JF089763.1.1345	99.203	251	2	0	1	251	73	323	1.58e-126	453
SRR10803250.116789;size=2	LT223122.1.1411	96.923	260	8	0	1	260	1110	851	1.66e-121	436
SRR10803250.120796;size=4	JF137118.1.1365	100.000	124	0	0	1	124	777	654	1.28e-59	230
SRR10803250.12083;size=6	KF092789.1.1342	99.242	132	1	0	1	132	478	347	2.29e-62	239
SRR10803250.12111;size=68	KY873311.1.1205	100.000	215	0	0	1	215	502	288	6.35e-110	398
SRR10803250.121597;size=12	CU914838.2.1371	99.107	112	0	1	1	112	1026	1136	8.91e-51	200
SRR10803250.122904;size=8	GQ109547.1.1335	99.206	252	2	0	1	252	73	324	4.42e-127	455
SRR10803250.124477;size=2	CP001686.1263783.1265309	98.846	260	3	0	1	260	909	1168	7.60e-130	464
SRR10803250.125181;size=2	EF127602.1.1512	100.000	198	0	0	1	198	70	267	1.63e-100	366
SRR10803250.130230;size=4	KC550155.1.1515	98.077	260	5	0	1	260	906	1165	1.64e-126	453
SRR10803250.130875;size=2	LN680085.1.1447	97.452	157	4	0	1	157	1151	995	3.61e-71	268
SRR10803250.131149;size=8	JQ191135.1.1356	100.000	209	0	0	1	209	773	565	1.33e-106	387
SRR10803250.132987;size=2	FJ595613.1.1311	100.000	100	0	0	1	100	1097	998	2.15e-46	185
SRR10803250.13561;size=2	KM507125.1.1440	99.225	258	1	1	1	257	760	503	7.50e-130	464
SRR10803250.136389;size=2	FUFK010081231.1.1288	100.000	286	0	0	1	286	436	721	2.95e-149	529
SRR10803250.136687;size=4	KF101301.1.1282	99.320	147	1	0	1	147	1245	1099	1.20e-70	267
SRR10803250.137436;size=2	KR088429.1.1307	99.490	196	1	0	1	196	426	231	9.70e-98	357
SRR10803250.137601;size=4	KP214597.3.1209	99.163	239	1	1	1	239	47	284	2.54e-119	429
SRR10803250.13846;size=2	KF010711.1.1493	100.000	217	0	0	1	217	525	309	4.96e-111	401
SRR10803250.138844;size=2	AB286527.1.1463	99.438	178	1	0	1	178	490	313	8.80e-88	324
SRR10803250.141311;size=4	LK392689.1.1203	97.143	105	0	3	1	104	1091	989	4.91e-43	174
SRR10803250.142076;size=2	AF316618.1.1326	99.231	260	2	0	1	260	1139	880	1.63e-131	470
SRR10803250.143607;size=2	GU339282.1.1496	100.000	216	0	0	1	216	529	314	1.77e-110	399
SRR10803250.14389;size=2	JF179739.1.1346	99.617	261	1	0	1	261	888	1148	9.80e-134	477
SRR10803250.145335;size=2	EU775692.1.1352	100.000	225	0	0	1	225	766	542	1.85e-115	416
SRR10803250.146131;size=4	JN685461.1.1529	100.000	249	0	0	1	249	1046	1294	9.36e-129	460
SRR10803250.147972;size=4	KT036643.1.1202	99.537	216	1	0	1	216	474	259	8.26e-109	394
SRR10803250.151414;size=20	EU531806.1.1230	100.000	288	0	0	1	288	275	562	2.31e-150	532
SRR10803250.151474;size=6	LC155825.1.1226	98.658	149	2	0	6	154	211	63	4.56e-70	265
SRR10803250.155321;size=32	KY476240.1.1200	99.065	214	2	0	1	214	283	496	4.92e-106	385
SRR10803250.15585;size=4	LMQZ01000006.1.1299	100.000	148	0	0	1	148	179	32	7.23e-73	274
SRR10803250.15585;size=4	LMQZ01000006.1.1299	100.000	60	0	0	1	60	282	223	6.00e-24	111
SRR10803250.155987;size=2	KP326340.1.1459	99.459	185	0	1	1	184	490	306	4.28e-91	335
SRR10803250.156641;size=6	GEUY01001359.1.1260	99.074	216	2	0	1	216	498	283	3.84e-107	388
SRR10803250.157420;size=4	KX456109.1.1253	99.038	104	0	1	1	104	665	767	2.32e-46	185
SRR10803250.159162;size=8	KM507138.1.1472	98.230	113	0	2	1	112	522	411	1.15e-49	196
SRR10803250.159564;size=8	KF094501.1.1343	99.074	108	1	0	1	108	885	992	3.96e-49	195
SRR10803250.16209;size=2	KF079443.1.1310	99.242	264	2	0	1	264	1116	853	9.92e-134	477
SRR10803250.162590;size=2	LC123720.1.1458	99.308	289	2	0	1	289	486	774	1.39e-147	523
SRR10803250.163962;size=2	FJ827751.1.1225	98.125	160	3	0	1	160	496	337	1.70e-74	279
SRR10803250.164746;size=8	KF697407.1.1227	99.617	261	1	0	1	261	1134	874	9.80e-134	477
SRR10803250.166274;size=4	HF913576.1.1211	99.510	204	0	1	1	204	762	560	1.30e-101	370
SRR10803250.168617;size=306	LC065243.1.1229	99.531	213	1	0	3	215	290	502	3.82e-107	388
SRR10803250.175342;size=78	HQ766894.1.1448	99.320	147	1	0	1	147	1312	1166	1.20e-70	267
SRR10803250.17673;size=2	KF101145.1.1336	99.614	259	1	0	1	259	1141	883	1.26e-132	473
SRR10803250.180683;size=16	DQ376919.1.1335	99.194	124	0	1	1	124	499	377	2.14e-57	222
SRR10803250.181005;size=2	FJ827751.1.1225	96.992	133	0	4	1	133	766	638	8.38e-57	220
SRR10803250.185753;size=2	KF842558.1.1416	98.062	258	5	0	1	258	97	354	2.11e-125	449
SRR10803250.187408;size=6	JN685461.1.1529	99.659	293	1	0	1	293	1340	1048	1.82e-151	536
SRR10803250.187741;size=6	KY515448.1.1438	98.214	224	0	4	1	222	475	696	3.96e-107	388
SRR10803250.190193;size=4	JF080730.1.1235	100.000	260	0	0	1	260	914	1173	7.54e-135	481
SRR10803250.19093;size=2	GQ158687.1.1383	99.550	222	1	0	1	222	1101	880	3.93e-112	405
SRR10803250.191930;size=8	KJ564272.1.1220	99.237	262	2	0	1	262	929	668	1.27e-132	473
SRR10803250.196570;size=2	JF093120.1.1334	99.490	196	1	0	1	196	481	286	9.70e-98	357
SRR10803250.196722;size=4	EU841485.1.1443	99.034	207	1	1	4	209	1230	1436	1.34e-101	370
SRR10803250.200323;size=6	FJ657992.1.1383	100.000	152	0	0	1	152	1325	1174	4.46e-75	281
SRR10803250.200666;size=4	LDOU01000025.145.1702	99.115	113	1	0	1	113	539	427	6.96e-52	204
SRR10803250.20074;size=8	KR866070.1.1208	100.000	221	0	0	1	221	485	705	3.03e-113	409
SRR10803250.203191;size=2	JN681836.1.1476	100.000	289	0	0	1	289	823	535	6.42e-151	534
SRR10803250.20595;size=4	GQ205103.1.1409	99.603	252	1	0	1	252	44	295	9.49e-129	460
SRR10803250.206283;size=4	JX883678.1.1413	100.000	289	0	0	1	289	722	434	6.42e-151	534
SRR10803250.20802;size=4	GQ475298.1.1344	99.074	108	0	1	1	108	381	275	1.47e-48	193
SRR10803250.211671;size=2	KF100330.1.1363	100.000	289	0	0	1	289	781	493	6.42e-151	534
SRR10803250.212316;size=6	KX648433.1.1278	98.953	191	2	0	1	191	468	278	2.64e-93	342
SRR10803250.21233;size=2	JQ451971.1.1243	99.526	211	1	0	1	211	1189	979	4.84e-106	385
SRR10803250.213553;size=2	JF012516.1.1351	100.000	289	0	0	1	289	757	469	6.42e-151	534
SRR10803250.214363;size=4	EU239181.1.1270	100.000	265	0	0	1	265	1090	826	1.28e-137	490
SRR10803250.216148;size=2	LN570728.1.1369	100.000	152	0	0	1	152	901	1052	4.46e-75	281
SRR10803250.216911;size=4	KU923380.1.1467	98.182	110	2	0	4	113	471	362	1.51e-48	193
SRR10803250.21953;size=2	KF079443.1.1310	99.242	264	2	0	1	264	853	1116	9.92e-134	477
SRR10803250.221487;size=4	KM021230.1.1324	99.462	186	1	0	1	186	1279	1094	3.31e-92	339
SRR10803250.223844;size=2	HQ860754.1.1200	98.291	117	0	2	1	117	342	228	7.28e-52	204
SRR10803250.224321;size=2	KM251077.1.1436	100.000	259	0	0	1	259	883	1141	2.70e-134	479
SRR10803250.225106;size=2	JQ460135.1.1407	100.000	289	0	0	1	289	512	800	6.42e-151	534
SRR10803250.225738;size=2	CU918620.1.1308	100.000	258	0	0	1	258	435	692	9.67e-134	477
SRR10803250.227574;size=6	KC161905.1.1265	99.237	262	2	0	1	262	977	716	1.27e-132	473
SRR10803250.228776;size=2	JQ451065.1.1311	100.000	289	0	0	1	289	415	703	6.42e-151	534
SRR10803250.230920;size=2	KF094304.1.1301	99.617	261	1	0	1	261	1103	843	9.80e-134	477
SRR10803250.231676;size=2	KJ615144.1.1276	98.319	238	4	0	1	238	12	249	5.46e-116	418
SRR10803250.233569;size=6	KF064630.1.1334	99.495	198	0	1	1	198	322	126	2.73e-98	359
SRR10803250.238601;size=2	LC177116.1.1477	99.615	260	1	0	1	260	886	1145	3.51e-133	475
SRR10803250.240003;size=2	AWUY01000075.77.1595	100.000	261	0	0	1	261	926	1186	2.11e-135	483
SRR10803250.245045;size=2	AF287774.1.1528	100.000	253	0	0	1	253	110	362	5.70e-131	468
SRR10803250.245980;size=10	KF945090.1.1201	99.457	184	1	0	1	184	1043	860	4.23e-91	335
SRR10803250.257099;size=8	FN428772.1.1469	99.468	188	1	0	1	188	1309	1122	2.59e-93	342
SRR10803250.262436;size=2	JX627314.1.1438	99.654	289	1	0	1	289	489	777	2.98e-149	529
SRR10803250.26389;size=2	HM272087.1.1327	98.919	185	2	0	1	185	274	458	5.50e-90	331
SRR10803250.265450;size=2	JQ460118.1.1339	100.000	104	0	0	1	104	472	369	1.35e-48	193
SRR10803250.269369;size=88	JQ608161.1.1414	98.438	256	2	2	1	254	59	314	2.07e-125	449
SRR10803250.269863;size=2	JQ471057.1.1414	98.846	260	3	0	1	260	1184	925	7.60e-130	464
SRR10803250.270472;size=2	KF098303.1.1338	98.962	289	3	0	1	289	467	755	6.46e-146	518
SRR10803250.270535;size=2	KX792215.1.1201	99.614	259	1	0	2	260	73	331	1.26e-132	473
SRR10803250.271790;size=2	HE681362.1.1508	99.609	256	1	0	1	256	347	92	5.77e-131	468
SRR10803250.281404;size=2	HM557758.1.1372	99.234	261	2	0	1	261	904	1164	4.56e-132	472
SRR10803250.28238;size=22	KU534090.1.1420	99.603	252	1	0	1	252	76	327	9.49e-129	460
SRR10803250.282832;size=8	EU133590.1.1265	99.476	191	1	0	1	191	453	263	5.67e-95	348
SRR10803250.284103;size=2	DQ130040.1.1402	98.446	193	3	0	1	193	478	286	9.60e-93	340
SRR10803250.284171;size=4	FPLS01029504.16.1542	100.000	287	0	0	1	287	801	515	8.24e-150	531
SRR10803250.288282;size=4	KX509048.1.1494	100.000	289	0	0	1	289	791	503	6.42e-151	534
SRR10803250.28979;size=2	JF093120.1.1334	98.425	254	4	0	1	254	67	320	7.45e-125	448
SRR10803250.303121;size=4	KX766023.1.1231	100.000	212	0	0	1	212	273	62	2.91e-108	392
SRR10803250.304474;size=2	BCUL01000049.1202.2709	99.187	246	2	0	1	246	91	336	9.30e-124	444
SRR10803250.320370;size=2	GU208332.1.1456	100.000	262	0	0	1	262	908	1169	5.88e-136	484
SRR10803250.320788;size=4	HM557758.1.1372	99.234	261	2	0	1	261	1164	904	4.56e-132	472
SRR10803250.33415;size=2	EU705744.1.1254	99.537	216	1	0	1	216	458	243	8.26e-109	394
SRR10803250.335356;size=2	KM461986.1.1518	99.653	288	1	0	1	288	510	797	1.07e-148	527
SRR10803250.335813;size=2	GQ205103.1.1409	99.537	216	1	0	1	216	476	261	8.26e-109	394
SRR10803250.33867;size=2	JN391626.1.1460	100.000	207	0	0	4	210	1241	1447	1.73e-105	383
SRR10803250.35902;size=4	KT005682.1.1200	99.115	113	1	0	1	113	700	812	6.96e-52	204
SRR10803250.360199;size=2	KC110955.1.1498	100.000	289	0	0	1	289	507	795	6.42e-151	534
SRR10803250.360534;size=2	KF098695.1.1338	99.490	196	1	0	1	196	484	289	9.70e-98	357
SRR10803250.367070;size=6	JN869211.1.1515	96.078	255	10	0	1	255	912	1166	2.11e-115	416
SRR10803250.37333;size=4	GU213412.1.1286	100.000	190	0	0	1	190	1194	1005	4.35e-96	351
SRR10803250.37554;size=2	EU764527.1.1303	100.000	139	0	0	1	139	448	310	6.75e-68	257
SRR10803250.383712;size=4	LN611356.1.1200	100.000	266	0	0	1	266	1043	778	3.57e-138	492
SRR10803250.38377;size=2	EU512990.1.1309	99.535	215	1	0	1	215	516	302	2.95e-108	392
SRR10803250.4070;size=2	JQ467961.1.1404	98.467	261	4	0	1	261	923	1183	9.87e-129	460
SRR10803250.41476;size=2	KF101442.1.1360	99.552	223	1	0	1	223	1165	943	1.10e-112	407
SRR10803250.41592;size=2	AM398646.1.1476	96.923	260	7	1	1	259	1157	898	5.93e-121	435
SRR10803250.43230;size=4	EU705715.1.1218	100.000	152	0	0	1	152	415	566	4.46e-75	281
SRR10803250.43459;size=2	AY507979.1.1211	100.000	265	0	0	1	265	782	1046	1.28e-137	490
SRR10803250.44581;size=2	KF092824.1.1337	100.000	128	0	0	1	128	482	355	7.94e-62	237
SRR10803250.45004;size=2	FJ901093.1.1398	100.000	289	0	0	1	289	793	505	6.42e-151	534
SRR10803250.4662;size=4	JF002483.1.1334	99.296	142	1	0	1	142	1297	1156	6.92e-68	257
SRR10803250.47679;size=2	AFQO01000020.1.1378	100.000	119	0	0	1	119	1350	1232	7.30e-57	220
SRR10803250.48841;size=2	GQ026297.1.1349	99.618	262	1	0	1	262	892	1153	2.74e-134	479
SRR10803250.50129;size=2	EU132068.1.1242	100.000	145	0	0	1	145	1075	931	3.28e-71	268
SRR10803250.51986;size=2	DQ256489.1.1211	99.537	216	1	0	1	216	484	269	8.26e-109	394
SRR10803250.53424;size=2	KU057031.1.1483	100.000	216	0	0	1	216	518	303	1.77e-110	399
SRR10803250.54750;size=2	JQ407988.1.1359	100.000	260	0	0	1	260	1163	904	7.54e-135	481
SRR10803250.55741;size=14	JQ607333.1.1426	99.606	254	1	0	1	254	64	317	7.40e-130	464
SRR10803250.57791;size=2	CU918620.1.1308	100.000	175	0	0	1	175	723	549	8.63e-88	324
SRR10803250.5785;size=2	AB679943.1.1320	99.123	228	2	0	1	228	846	1073	8.71e-114	411
SRR10803250.58287;size=2	JF002483.1.1334	99.663	297	1	0	1	297	1001	1297	1.10e-153	544
SRR10803250.62512;size=4	KF083011.1.1374	99.617	261	1	0	1	261	919	1179	9.80e-134	477
SRR10803250.627;size=2	JF151140.1.1364	98.431	255	4	0	1	255	79	333	2.08e-125	449
SRR10803250.66105;size=2	EU460399.1.1346	99.160	238	2	0	1	238	79	316	2.52e-119	429
SRR10803250.66516;size=2	LDOU01000025.145.1702	100.000	252	0	0	1	252	938	1189	2.04e-130	466
SRR10803250.70622;size=2	JF042769.1.1346	100.000	289	0	0	1	289	768	480	6.42e-151	534
SRR10803250.72806;size=2	JF240039.1.1322	99.057	212	2	0	1	212	513	302	6.29e-105	381
SRR10803250.74121;size=2	LC099979.1.1200	100.000	153	0	0	10	162	84	236	1.34e-75	283
SRR10803250.75869;size=2	JQ426266.1.1493	100.000	209	0	0	1	209	1453	1245	1.35e-106	387
SRR10803250.76845;size=2	KJ406705.1.1485	99.435	177	1	0	1	177	97	273	3.14e-87	322
SRR10803250.78011;size=6	KY048447.1.1228	99.537	216	1	0	1	216	499	284	8.26e-109	394
SRR10803250.78155;size=2	HM129778.1.1410	99.465	187	1	0	1	187	450	264	9.25e-93	340
SRR10803250.79966;size=2	KT763083.1.1204	98.246	114	0	2	1	113	494	382	3.24e-50	198
SRR10803250.80414;size=2	JF146078.1.1354	99.510	204	1	0	1	204	501	298	3.63e-102	372
SRR10803250.80474;size=2	FJ802357.1.1232	99.603	252	1	0	1	252	89	340	9.49e-129	460
SRR10803250.83049;size=2	GQ050706.1.1328	100.000	260	0	0	1	260	1132	873	7.54e-135	481
SRR10803250.83219;size=2	EU774912.1.1317	100.000	145	0	0	1	145	1104	960	3.28e-71	268
SRR10803250.83305;size=2	JQ455288.1.1364	100.000	249	0	0	1	249	1016	1264	9.36e-129	460
SRR10803250.86069;size=2	EU531806.1.1230	98.585	212	0	3	1	212	563	355	3.79e-102	372
SRR10803250.86599;size=10	JQ460207.1.1411	99.526	211	1	0	1	211	527	317	4.84e-106	385
SRR10803250.89255;size=2	KU726283.1.1457	97.196	214	6	0	1	214	876	1089	2.30e-99	363
SRR10803250.9089;size=2	KM251077.1.1436	100.000	147	0	0	1	147	1141	995	2.58e-72	272
SRR10803250.9107;size=2	JX225252.1.1229	100.000	100	0	0	1	100	909	810	2.15e-46	185
SRR10803250.9183;size=2	HQ674912.1.1496	95.506	267	11	1	1	266	911	1177	3.68e-118	425
SRR10803250.92552;size=2	HM559038.1.1336	99.327	297	2	0	1	297	1009	1305	5.11e-152	538
SRR10803250.93921;size=2	FJ823905.1.1502	100.000	113	0	0	1	113	525	413	1.50e-53	209
SRR10803250.98895;size=2	HQ674861.1.1489	98.462	195	3	0	1	195	504	310	7.51e-94	344
SRR10803271.111649;size=2	JQ475307.1.1391	99.476	191	1	0	1	191	516	326	5.67e-95	348
SRR10803271.44410;size=4	HM438618.1.1435	97.899	238	5	0	1	238	41	278	2.54e-114	412
SRR10803271.48655;size=2	JF975764.1.1454	96.525	259	9	0	1	259	890	1148	2.76e-119	429
SRR10803271.52380;size=2	KY476152.1.1202	96.540	289	10	0	1	289	476	764	3.05e-134	479
SRR10803271.58758;size=2	FJ687965.1.1244	100.000	205	0	0	1	205	696	492	2.18e-104	379
SRR10803271.62497;size=2	JN578223.1.1278	100.000	161	0	0	1	161	407	247	4.74e-80	298
SRR10803271.64045;size=2	KP204498.1.1428	96.335	191	7	0	1	191	472	282	5.75e-85	315
SRR10803271.64052;size=8	EF011115.1.1396	98.780	164	0	2	1	164	97	258	8.11e-78	291
SRR10803271.8578;size=2	KY087983.1.1200	96.759	216	7	0	1	216	492	277	8.37e-99	361
SRR10803271.87754;size=24	LC099978.1.1200	99.569	232	0	1	1	232	295	65	4.10e-117	422
SRR10803282.10750;size=8	JN387309.1.1213	98.936	188	2	0	1	188	1056	869	1.20e-91	337
SRR10803282.10800;size=6	JQ855614.1.1252	100.000	144	0	0	1	144	692	549	1.17e-70	267
SRR10803282.11163;size=2	JF168726.1.1371	99.315	146	1	0	1	146	1334	1189	4.28e-70	265
SRR10803282.13434;size=4	JN003577.1.1316	100.000	207	0	0	3	209	789	995	1.72e-105	383
SRR10803282.19915;size=4	KC211859.1.1409	98.421	190	3	0	1	190	1271	1082	4.38e-91	335
SRR10803282.21223;size=10	JN387309.1.1213	100.000	227	0	0	1	227	767	993	1.44e-116	420
SRR10803282.21316;size=4	EU790149.1.1226	97.959	147	1	2	1	145	1199	1053	9.19e-67	254
SRR10803282.24232;size=2	HE589815.1.1408	98.319	119	1	1	1	119	59	176	5.80e-53	207
SRR10803282.36755;size=2	GQ915077.1.1446	100.000	151	0	0	1	151	491	341	1.59e-74	279
SRR10803282.38553;size=2	JX154612.10.1227	99.057	106	1	0	1	106	1124	1019	4.99e-48	191
SRR10803282.399;size=2	KY937197.1.1372	100.000	214	0	0	1	214	1113	900	2.27e-109	396
SRR10803282.9276;size=2	AB899818.1.1458	99.645	282	1	0	1	282	487	768	2.26e-145	516
SRR10803282.9488;size=2	KF100727.1.1335	100.000	177	0	0	1	177	575	751	6.76e-89	327
