OTU_ID	SRR10803250	SRR10803271	SRR10803282
OTU_0	23013	12	0
OTU_1	17152	2	2
OTU_10	16880	0	0
OTU_100	153	0	0
OTU_101	22	0	0
OTU_102	0	37	0
OTU_103	36	41	26
OTU_104	55	0	0
OTU_105	81	0	0
OTU_106	134	0	0
OTU_107	52	0	14
OTU_108	5687	47	0
OTU_109	25	25	0
OTU_11	8441	0	0
OTU_110	8	0	18
OTU_111	23	7	0
OTU_112	326	185	4
OTU_113	37	0	0
OTU_114	91	0	0
OTU_115	111	2	0
OTU_116	57	0	0
OTU_117	32	0	0
OTU_118	25	0	0
OTU_119	1029	48	56
OTU_12	34629	6614	14
OTU_120	69	44	0
OTU_121	34	4	0
OTU_122	16	4	0
OTU_123	0	28	0
OTU_124	1502	0	14
OTU_125	21	0	0
OTU_126	250	0	0
OTU_127	70	0	13
OTU_128	139	0	0
OTU_129	2	2	27
OTU_13	5452	0	0
OTU_130	34	0	0
OTU_131	82	0	0
OTU_132	26	0	0
OTU_133	34	0	0
OTU_134	0	13	0
OTU_135	4	19	0
OTU_136	67	0	0
OTU_137	22	0	0
OTU_138	12	21	0
OTU_139	50	0	2
OTU_14	6842	0	438
OTU_140	29	0	0
OTU_141	43	0	0
OTU_142	15	0	9
OTU_143	2	14	0
OTU_144	25	9	127
OTU_145	175	0	0
OTU_146	40	78	0
OTU_147	34	0	0
OTU_148	27	0	0
OTU_149	33	2	0
OTU_15	2280	1959	0
OTU_150	21	3	17
OTU_151	33	13	0
OTU_152	24	0	0
OTU_153	38	0	18
OTU_154	11	0	0
OTU_155	203	46	16
OTU_156	19	0	0
OTU_157	20	0	0
OTU_158	62	0	2
OTU_159	27	6	0
OTU_16	516	0	5217
OTU_160	3	0	21
OTU_161	0	0	27
OTU_162	10	0	0
OTU_163	8	0	0
OTU_164	10	14	2
OTU_165	34	0	3
OTU_166	24	3	0
OTU_167	71	2	0
OTU_168	22	0	0
OTU_169	12	0	0
OTU_17	12393	517	35
OTU_170	28	5	0
OTU_171	10	0	0
OTU_172	8	0	0
OTU_173	32	15	0
OTU_174	0	8	0
OTU_175	3	14	0
OTU_176	12	0	5
OTU_177	21	0	0
OTU_178	21	0	0
OTU_179	40	6	0
OTU_18	8118	0	7
OTU_180	47	0	467
OTU_181	19	0	0
OTU_182	11	0	0
OTU_183	57	0	0
OTU_184	18	0	0
OTU_185	17	0	0
OTU_186	11	2	0
OTU_187	24	0	0
OTU_188	76	0	6
OTU_189	0	23	0
OTU_19	15830	0	0
OTU_190	0	22	0
OTU_191	0	7	0
OTU_192	0	16	0
OTU_193	0	5	10
OTU_194	34	0	0
OTU_195	14	0	0
OTU_196	15	0	0
OTU_197	8	0	0
OTU_198	31	19	0
OTU_199	14	0	0
OTU_2	23488	6153	0
OTU_20	5002	0	0
OTU_200	6	0	0
OTU_201	22	0	0
OTU_202	8	0	0
OTU_203	18	95	0
OTU_204	13	3	0
OTU_205	20	2	0
OTU_206	17	0	0
OTU_207	6	0	0
OTU_208	11	0	0
OTU_209	10	0	0
OTU_21	1514	0	2
OTU_210	9	0	0
OTU_211	0	8	13
OTU_212	0	0	31
OTU_213	5	0	0
OTU_214	5	0	0
OTU_215	43	0	0
OTU_216	7	0	0
OTU_217	16	0	0
OTU_218	12	0	0
OTU_219	5	0	17
OTU_22	9729	0	0
OTU_220	140	168	13
OTU_221	27	0	0
OTU_222	7	0	0
OTU_223	16	2	0
OTU_224	9	0	0
OTU_225	14	0	0
OTU_226	5	0	0
OTU_227	7	0	0
OTU_228	14	0	0
OTU_229	27	0	0
OTU_23	1788	397	0
OTU_230	8	0	0
OTU_231	13	0	0
OTU_232	7	0	0
OTU_233	11	0	0
OTU_234	15	7	0
OTU_235	5	2	0
OTU_236	5	0	0
OTU_237	5	15	11
OTU_238	33	8	0
OTU_239	0	34	0
OTU_24	1425	0	0
OTU_240	0	8	0
OTU_241	0	5	0
OTU_242	0	5	0
OTU_243	0	0	15
OTU_244	0	0	24
OTU_245	17	0	0
OTU_246	4	0	0
OTU_247	11	0	2
OTU_248	4	0	0
OTU_249	12	0	0
OTU_25	5077	768	18
OTU_250	13	0	0
OTU_251	4	0	0
OTU_252	4	0	0
OTU_253	13	0	0
OTU_254	4	0	0
OTU_255	21	0	0
OTU_256	1171	22	0
OTU_257	4	0	0
OTU_258	18	0	0
OTU_259	11	0	2
OTU_26	77	0	3235
OTU_260	28	0	0
OTU_261	12	0	0
OTU_262	4	0	0
OTU_263	33	0	0
OTU_264	4	0	0
OTU_265	17	0	0
OTU_266	33	0	0
OTU_267	46	0	0
OTU_268	11	0	0
OTU_269	19	0	4
OTU_27	5995	0	2
OTU_270	6	0	38
OTU_271	9	0	0
OTU_272	4	0	0
OTU_273	32	4	0
OTU_274	4	4	3
OTU_275	8	0	2
OTU_276	26	0	0
OTU_277	15	0	0
OTU_278	8	0	0
OTU_279	17	0	0
OTU_28	0	13	1102
OTU_280	6	0	0
OTU_281	6	0	0
OTU_282	23	3	0
OTU_283	4	0	0
OTU_284	65	1263	0
OTU_285	4	6	0
OTU_286	0	19	0
OTU_287	0	6	0
OTU_288	0	4	0
OTU_289	0	0	47
OTU_29	1434	372	13
OTU_290	0	0	11
OTU_291	0	0	8
OTU_292	0	0	10
OTU_293	0	0	4
OTU_294	0	0	8
OTU_295	2	0	8
OTU_296	5	0	0
OTU_297	3	0	0
OTU_298	3	0	0
OTU_299	3	0	0
OTU_3	23010	24	0
OTU_30	24	35	7095
OTU_300	5	0	0
OTU_301	3	0	0
OTU_302	3	0	0
OTU_303	25	0	0
OTU_304	5	0	0
OTU_305	3	0	0
OTU_306	10	0	0
OTU_307	3	0	0
OTU_308	3	0	4
OTU_309	7	0	0
OTU_31	1280	27	0
OTU_310	3	0	0
OTU_311	20	0	0
OTU_312	7	0	11
OTU_313	9	0	0
OTU_314	3	0	0
OTU_315	47	402	0
OTU_316	5	0	0
OTU_317	23	0	0
OTU_318	5	0	0
OTU_319	8	0	0
OTU_32	2144	58	0
OTU_320	14	0	0
OTU_321	3	0	0
OTU_322	3	0	0
OTU_323	3	0	0
OTU_324	8	0	0
OTU_325	3	0	0
OTU_326	7	0	0
OTU_327	3	0	0
OTU_328	5	0	0
OTU_329	9	5	0
OTU_33	1088	0	0
OTU_330	8	0	0
OTU_331	5	0	0
OTU_332	61	4	9
OTU_333	8	0	0
OTU_334	7	0	0
OTU_335	3	0	0
OTU_336	7	0	0
OTU_337	6	3	0
OTU_338	38	0	0
OTU_339	181	2	0
OTU_34	239	44	3299
OTU_340	13	0	0
OTU_341	3	0	0
OTU_342	8	0	0
OTU_343	3	0	0
OTU_344	5	0	0
OTU_345	3	0	0
OTU_346	3	0	0
OTU_347	9	0	0
OTU_348	5	0	0
OTU_349	9	0	0
OTU_35	494	0	0
OTU_350	5	0	0
OTU_351	3	0	0
OTU_352	11	0	0
OTU_353	7	0	0
OTU_354	19	0	2
OTU_355	9	0	0
OTU_356	5	0	2
OTU_357	10	0	0
OTU_358	3	0	0
OTU_359	5	0	0
OTU_36	1229	0	0
OTU_360	3	0	0
OTU_361	7	2	0
OTU_362	3	0	0
OTU_363	170	49	9
OTU_364	3	0	6
OTU_365	5	0	0
OTU_366	3	2	0
OTU_367	11	0	0
OTU_368	11	0	0
OTU_369	5	0	0
OTU_37	471	0	6
OTU_370	7	0	0
OTU_371	0	3	0
OTU_372	0	3	0
OTU_373	0	5	0
OTU_374	0	5	0
OTU_375	0	0	7
OTU_376	0	0	10
OTU_377	0	0	11
OTU_378	0	0	8
OTU_379	0	0	7
OTU_38	582	0	0
OTU_380	0	2	3
OTU_381	8	0	5
OTU_382	0	0	7
OTU_383	0	0	3
OTU_384	2	0	0
OTU_385	10	0	0
OTU_386	2	0	0
OTU_387	6	2	0
OTU_388	4	0	0
OTU_389	52	10	0
OTU_39	1185	0	0
OTU_390	2	0	0
OTU_391	2	0	0
OTU_392	10	0	0
OTU_393	2	0	0
OTU_394	96	0	2
OTU_395	2	0	0
OTU_396	22	0	0
OTU_397	2	0	0
OTU_398	6	0	0
OTU_399	4	0	0
OTU_4	28965	0	0
OTU_40	40	0	1979
OTU_400	2	0	0
OTU_401	4	0	0
OTU_402	6	0	0
OTU_403	60	4	4
OTU_404	6	6	0
OTU_405	8	0	0
OTU_406	2	0	0
OTU_407	2	0	0
OTU_408	2	0	0
OTU_409	4	0	0
OTU_41	359	0	0
OTU_410	2	0	0
OTU_411	8	0	0
OTU_412	2	0	0
OTU_413	2	0	0
OTU_414	2	0	0
OTU_415	2	0	0
OTU_416	2	0	0
OTU_417	4	0	0
OTU_418	2	0	0
OTU_419	4	0	0
OTU_42	762	299	2
OTU_420	2	0	0
OTU_421	2	0	0
OTU_422	2	0	0
OTU_423	4	0	0
OTU_424	2	0	0
OTU_425	2	0	0
OTU_426	2	0	0
OTU_427	2	0	0
OTU_428	2	0	0
OTU_429	4	0	0
OTU_43	62	0	1134
OTU_430	4	0	0
OTU_431	20	0	0
OTU_432	6	0	0
OTU_433	2	0	0
OTU_434	32	0	0
OTU_435	4	0	0
OTU_436	2	0	0
OTU_437	2	0	0
OTU_438	2	0	0
OTU_439	6	0	0
OTU_44	2038	146	4
OTU_440	4	0	0
OTU_441	4	0	0
OTU_442	8	0	0
OTU_443	8	0	0
OTU_444	4	0	0
OTU_445	2	0	0
OTU_446	2	0	0
OTU_447	2	0	0
OTU_448	8	0	0
OTU_449	4	0	0
OTU_45	318	257	0
OTU_450	2	0	0
OTU_451	66	240	0
OTU_452	78	0	0
OTU_453	2	0	0
OTU_454	2	0	0
OTU_455	16	0	0
OTU_456	2	0	0
OTU_457	2	0	0
OTU_458	2	0	0
OTU_459	4	0	0
OTU_46	160	71	9
OTU_460	2	0	0
OTU_461	6	0	0
OTU_462	6	0	0
OTU_463	2	2	0
OTU_464	2	0	0
OTU_465	8	0	0
OTU_466	2	0	0
OTU_467	2	2	0
OTU_468	4	2	0
OTU_469	4	0	0
OTU_47	961	0	0
OTU_470	8	0	0
OTU_471	2	0	0
OTU_472	2	0	0
OTU_473	4	0	0
OTU_474	2	2	0
OTU_475	4	0	0
OTU_476	2	0	0
OTU_477	6	0	0
OTU_478	2	0	0
OTU_479	2	0	0
OTU_48	326	132	0
OTU_480	2	2	0
OTU_481	2	0	0
OTU_482	4	0	0
OTU_483	2	0	0
OTU_484	2	0	0
OTU_485	4	0	0
OTU_486	2	0	0
OTU_487	2	0	0
OTU_488	2	0	0
OTU_489	2	0	0
OTU_49	8431	906	4
OTU_490	2	0	0
OTU_491	6	0	0
OTU_492	2	0	0
OTU_493	2	0	0
OTU_494	2	0	0
OTU_495	2	0	0
OTU_496	6	0	0
OTU_497	2	0	0
OTU_498	2	0	0
OTU_499	2	0	0
OTU_5	20444	4197	9
OTU_50	157	2	2
OTU_500	2	0	0
OTU_501	2	0	0
OTU_502	8	0	2
OTU_503	2	0	0
OTU_504	8	0	0
OTU_505	2	0	0
OTU_506	2	0	0
OTU_507	2	0	0
OTU_508	82	4	2
OTU_509	2	0	0
OTU_51	10	166	0
OTU_510	2	0	0
OTU_511	2	0	0
OTU_512	2	0	0
OTU_513	2	0	0
OTU_514	2	0	0
OTU_515	2	0	0
OTU_516	22	0	0
OTU_517	2	6	0
OTU_518	2	0	0
OTU_519	2	2	0
OTU_52	462	0	0
OTU_520	4	0	0
OTU_521	2	0	0
OTU_522	2	0	0
OTU_523	2	2	0
OTU_524	2	0	0
OTU_525	2	0	0
OTU_526	2	0	0
OTU_527	4	0	0
OTU_528	2	0	0
OTU_529	2	0	0
OTU_53	273	0	0
OTU_530	2	0	0
OTU_531	2	0	0
OTU_532	2	0	0
OTU_533	2	0	0
OTU_534	4	0	0
OTU_535	2	0	0
OTU_536	2	0	0
OTU_537	4	2	0
OTU_538	4	0	0
OTU_539	2	0	0
OTU_54	266	1213	0
OTU_540	4	0	0
OTU_541	2	0	0
OTU_542	2	0	0
OTU_543	2	0	0
OTU_544	2	0	0
OTU_545	2	0	0
OTU_546	2	0	0
OTU_547	4	0	0
OTU_548	2	0	0
OTU_549	2	0	0
OTU_55	502	0	4
OTU_550	2	0	0
OTU_551	2	0	0
OTU_552	4	0	0
OTU_553	2	0	0
OTU_554	2	0	0
OTU_555	2	0	0
OTU_556	2	0	0
OTU_557	2	0	0
OTU_558	2	0	0
OTU_559	2	0	0
OTU_56	161	21	2
OTU_560	2	0	0
OTU_561	2	0	0
OTU_562	2	0	0
OTU_563	2	0	0
OTU_564	10	4	0
OTU_565	2	0	0
OTU_566	2	0	0
OTU_567	2	0	0
OTU_568	2	0	0
OTU_569	2	0	0
OTU_57	100	0	0
OTU_570	4	0	0
OTU_571	2	0	0
OTU_572	2	0	0
OTU_573	2	0	0
OTU_574	2	0	0
OTU_575	2	0	0
OTU_576	2	0	0
OTU_577	2	0	0
OTU_578	2	0	0
OTU_579	2	0	0
OTU_58	57	2896	0
OTU_580	2	0	0
OTU_581	2	0	0
OTU_582	2	0	0
OTU_583	2	0	4
OTU_584	2	0	0
OTU_585	2	0	0
OTU_586	2	0	0
OTU_587	2	0	0
OTU_588	2	0	0
OTU_589	2	0	0
OTU_59	965	0	0
OTU_590	2	0	0
OTU_591	2	0	0
OTU_592	2	0	0
OTU_593	6	2	2
OTU_594	2	0	0
OTU_595	2	0	0
OTU_596	2	0	0
OTU_597	2	0	0
OTU_598	2	0	0
OTU_599	2	0	0
OTU_6	5702	8041	0
OTU_60	199	8	0
OTU_600	2	0	0
OTU_601	2	0	0
OTU_602	0	2	0
OTU_603	0	4	0
OTU_604	0	2	0
OTU_605	0	2	0
OTU_606	0	2	0
OTU_607	0	2	0
OTU_608	0	2	0
OTU_609	0	8	0
OTU_61	240	10	9
OTU_610	0	2	0
OTU_611	0	24	0
OTU_612	0	0	8
OTU_613	0	0	6
OTU_614	0	0	2
OTU_615	0	0	4
OTU_616	0	0	4
OTU_617	0	0	10
OTU_618	0	0	4
OTU_619	0	0	2
OTU_62	20	80	0
OTU_620	0	0	2
OTU_621	0	0	2
OTU_622	0	0	2
OTU_623	0	0	2
OTU_624	0	0	2
OTU_625	0	0	2
OTU_63	260	853	293
OTU_64	864	133	4
OTU_65	519	0	0
OTU_66	124	0	0
OTU_67	202	0	0
OTU_68	335	0	0
OTU_69	95	0	0
OTU_7	12821	0	0
OTU_70	209	0	0
OTU_71	97	0	0
OTU_72	117	0	0
OTU_73	203	0	0
OTU_74	160	0	0
OTU_75	58	0	0
OTU_76	225	2	57
OTU_77	2240	0	0
OTU_78	54	16	0
OTU_79	66	0	0
OTU_8	12337	8004	0
OTU_80	43	0	0
OTU_81	9	28	104
OTU_82	49	0	0
OTU_83	37	0	0
OTU_84	3	137	0
OTU_85	272	0	0
OTU_86	2454	0	0
OTU_87	77	0	0
OTU_88	59	9	49
OTU_89	70	0	0
OTU_9	6358	11	0
OTU_90	47	36	0
OTU_91	73	6	0
OTU_92	123	8	0
OTU_93	42	62	3
OTU_94	87	18	11
OTU_95	401	0	0
OTU_96	67	28	5
OTU_97	75	29	25
OTU_98	120	142	27
OTU_99	67	0	0
